six lead in lines for gentool-cluster program 

Lower left Matrix 

Diagonals are included, yes to cluster program 

337.000000 
0.785811 0.785811 
0.788455 1.077681 1.077681 
0.588344 0.656304 0.662716 0.662716 
0.587956 0.658519 0.658370 1.083819 1.083819 
0.585966 0.526179 0.527909 0.697852 0.700486 0.700486 
0.590228 0.544519 0.536178 0.693683 0.698374 0.999222 0.999222 
0.604337 0.556860 0.548286 0.692748 0.694992 0.993130 1.011807 1.011807 
0.588630 0.525218 0.532982 0.691291 0.700785 1.060903 0.994235 0.988097 0.988097 
0.596791 0.540468 0.535659 0.695462 0.700143 0.986592 1.008239 1.032464 0.981856 0.981856 
0.447473 0.512120 0.513267 0.501649 0.505200 0.531213 0.520454 0.533877 0.533277 0.532950 0.532950 
0.472390 0.491984 0.502366 0.484862 0.496610 0.550430 0.548159 0.561766 0.556007 0.568930 0.943727 0.943727 
0.448890 0.508573 0.509061 0.496804 0.491733 0.529641 0.514440 0.534720 0.521284 0.530153 1.065066 0.941246 0.941246 
0.479914 0.506290 0.508050 0.492916 0.499821 0.545983 0.546037 0.556228 0.556202 0.554274 0.942501 1.059970 0.933289 0.933289 
0.685971 0.660870 0.666993 0.614760 0.614534 0.596858 0.581035 0.591020 0.602578 0.576006 0.530170 0.516557 0.531583 0.498349 0.498349 
0.690768 0.648475 0.647445 0.632414 0.621613 0.594134 0.585039 0.608807 0.596408 0.597179 0.465915 0.551972 0.461711 0.529627 0.991179 0.991179 
0.753823 0.709948 0.717105 0.618875 0.628236 0.619678 0.609659 0.628840 0.615331 0.619820 0.498461 0.544678 0.481180 0.539065 0.898083 0.925102 0.925102 
0.696301 0.705700 0.707530 0.599483 0.606437 0.596433 0.588552 0.604699 0.594338 0.581769 0.434533 0.479922 0.442316 0.487557 0.861066 0.870778 0.893451 0.893451 
0.480007 0.563682 0.565757 0.614027 0.616731 0.584340 0.579648 0.581324 0.587578 0.577997 0.532798 0.513926 0.524989 0.513105 0.499176 0.502797 0.509969 0.472053 0.472053 
0.592728 0.606760 0.612435 0.754215 0.757163 0.728831 0.746895 0.735885 0.722195 0.747563 0.518804 0.511694 0.517851 0.492400 0.595214 0.549093 0.562637 0.588980 0.590685 0.590685 
0.760463 0.708933 0.713618 0.636381 0.633479 0.595274 0.594405 0.618368 0.601949 0.596899 0.470338 0.508750 0.459401 0.498220 0.828438 0.847807 0.879332 0.878042 0.528842 0.586466 0.586466 
0.585457 0.625600 0.618272 0.767356 0.774561 0.735801 0.727632 0.737182 0.731413 0.745034 0.528463 0.521953 0.534056 0.515581 0.604461 0.574510 0.581380 0.577241 0.586431 0.762491 0.577092 0.577092 
0.759987 0.702773 0.707097 0.629758 0.633844 0.618173 0.623295 0.617319 0.631973 0.609467 0.470589 0.484416 0.469724 0.476154 0.832802 0.845646 0.882053 0.882655 0.525772 0.591172 1.038518 0.585375 0.585375 
0.570881 0.584428 0.577474 0.763700 0.760900 0.717844 0.701214 0.712607 0.717039 0.709967 0.518184 0.539791 0.510729 0.537805 0.572815 0.565803 0.578383 0.569924 0.571147 0.749379 0.563348 0.762997 0.567004 0.567004 
0.565453 0.602258 0.600368 0.759259 0.757343 0.747751 0.738452 0.737295 0.735238 0.734390 0.528991 0.533352 0.526188 0.527573 0.581448 0.560050 0.558592 0.588402 0.581915 0.911822 0.564533 0.795089 0.567852 0.741851 0.741851 
0.100000 0.166684 0.170779 0.159323 0.162873 0.187371 0.188155 0.176129 0.182404 0.154851 0.162050 0.183143 0.183381 0.185237 0.180437 0.143664 0.133123 0.206027 0.143082 0.189580 0.129756 0.148700 0.118552 0.176178 0.194244 0.194244 
0.135901 0.177852 0.190731 0.165540 0.174626 0.203537 0.240164 0.173850 0.211526 0.159759 0.165520 0.191697 0.183837 0.177491 0.200024 0.168903 0.183971 0.195483 0.160616 0.192676 0.163117 0.152151 0.146828 0.164769 0.223824 1.077514 1.077514 
0.232016 0.217237 0.229087 0.166827 0.173085 0.207021 0.189664 0.200286 0.244755 0.213110 0.226875 0.223369 0.202410 0.237059 0.220270 0.202957 0.218102 0.203649 0.160527 0.207998 0.157313 0.161932 0.171072 0.182867 0.186435 0.808389 0.812317 0.812317 
0.239097 0.207926 0.214573 0.152860 0.162110 0.208496 0.183174 0.194009 0.237994 0.205742 0.224604 0.216142 0.205241 0.236087 0.209723 0.199498 0.205446 0.228145 0.145783 0.172236 0.148805 0.171710 0.169896 0.166197 0.170317 0.806223 0.813819 1.086529 1.086529 
0.243794 0.205771 0.215188 0.150523 0.158397 0.219038 0.206085 0.204900 0.248965 0.216379 0.242280 0.233860 0.214840 0.252917 0.218647 0.214469 0.227668 0.224151 0.163046 0.181077 0.155202 0.185552 0.182765 0.191151 0.187207 0.804957 0.807327 1.085676 1.092337 1.092337 
0.226590 0.221383 0.226566 0.155704 0.160654 0.212181 0.195086 0.197840 0.255076 0.206933 0.225747 0.208479 0.209047 0.232408 0.210849 0.195739 0.206667 0.218971 0.160727 0.179088 0.139880 0.184944 0.186163 0.168796 0.178509 0.804863 0.812081 1.086193 1.096415 1.089126 1.089126 
0.170730 0.149513 0.139057 0.172028 0.179621 0.229127 0.215273 0.180207 0.247042 0.214214 0.247416 0.209457 0.237530 0.207473 0.204471 0.172407 0.197079 0.160566 0.193207 0.167462 0.128477 0.161554 0.176254 0.181318 0.187503 0.836689 0.838255 0.938042 0.939819 0.940024 0.935397 0.935397 
0.170893 0.141593 0.142500 0.165204 0.172893 0.223200 0.209101 0.176254 0.241392 0.208042 0.241599 0.203166 0.231588 0.201181 0.204606 0.176462 0.199895 0.160697 0.187263 0.169016 0.133241 0.160299 0.177764 0.180168 0.184964 0.838040 0.839591 0.938241 0.940018 0.940224 0.935596 1.099200 1.099200 
0.237414 0.207621 0.214265 0.154021 0.163245 0.213237 0.186926 0.195034 0.243531 0.208003 0.223066 0.217109 0.206256 0.236989 0.211867 0.201675 0.216761 0.221088 0.148839 0.184303 0.151451 0.171436 0.172384 0.169888 0.164444 0.804172 0.811815 1.087981 1.098203 1.090918 1.098213 0.937943 0.938142 0.938142 
0.586376 0.539515 0.531047 0.694797 0.697051 0.988016 1.010430 1.020792 0.983480 1.014547 0.530711 0.567556 0.535833 0.571045 0.588005 0.595811 0.620745 0.598574 0.571814 0.748996 0.605940 0.726822 0.613354 0.717818 0.738386 0.166287 0.180735 0.205591 0.200654 0.212713 0.197981 0.214302 0.208110 0.200373 0.200373 
