BLOSUM62
A  4  0 -2 -1 -2  0 -2 -1 -1 -1 -1 -2 -1 -1 -1  1  0  0 -3 -2  0
C  0  9 -3 -4 -2 -3 -3 -1 -3 -1 -1 -3 -3 -3 -3 -1 -1 -1 -2 -2  0 
D -2 -3  6  2 -3 -1 -1 -3 -1 -4 -3  1 -1  0 -2  0 -1 -3 -4 -3  0
E -1 -4  2  5 -3 -2  0 -3  1 -3 -2  0 -1  2  0  0 -1 -2 -3 -2  0
F -2 -2 -3 -3  6 -3 -1  0 -3  0  0 -3 -4 -3 -3 -2 -2 -1  1  3  0
G  0 -3 -1 -2 -3  6 -2 -4 -2 -4 -3  0 -2 -2 -2  0 -2 -3 -2 -3  0
H -2 -3 -1  0 -1 -2  8 -3 -1 -3 -2  1 -2  0  0 -1 -2 -3 -2  2  0
I -1 -1 -3 -3  0 -4 -3  4 -3  2  1 -3 -3 -3 -3 -2 -1  3 -3 -1  0
K -1 -3 -1  1 -3 -2 -1 -3  5 -2 -1  0 -1  1  2  0 -1 -2 -3 -2  0
L -1 -1 -4 -3  0 -4 -3  2 -2  4  2 -3 -3 -2 -2 -2 -1  1 -2 -1  0
M -1 -1 -3 -2  0 -3 -2  1 -1  2  5 -2 -2  0 -1 -1 -1  1 -1 -1  0
N -2 -3  1  0 -3  0  1 -3  0 -3 -2  6 -2  0  0  1  0 -3 -4 -2  0
P -1 -3 -1 -1 -4 -2 -2 -3 -1 -3 -2 -2  7 -1 -2 -1 -1 -2 -4 -3  0
Q -1 -3  0  2 -3 -2  0 -3  1 -2  0  0 -1  5  1  0 -1 -2 -2 -1  0
R -1 -3 -2  0 -3 -2  0 -3  2 -2 -1  0 -2  1  5 -1 -1 -3 -3 -2  0
S  1 -1  0  0 -2  0 -1 -2  0 -2 -1  1 -1  0 -1  4  1 -2 -3 -2  0
T  0 -1 -1 -1 -2 -2 -2 -1 -1 -1 -1  0 -1 -1 -1  1  5  0 -2 -2  0
V  0 -1 -3 -2 -1 -3 -3  3 -2  1  1 -3 -2 -2 -3 -2  0  4 -3 -1  0
W -3 -2 -4 -3  1 -2 -2 -3 -3 -2 -1 -4 -4 -2 -3 -3 -2 -3 11  2  0
Y -2 -2 -3 -2  3 -3  2 -1 -2 -1 -1 -2 -3 -1 -2 -2 -2 -1  2  7  0
-  0  0  0  0  0  0  0  0  0  0  0  0  0  0  0  0  0  0  0  0  0